"Theta[deg.]"  "Phi[deg.]"  "Abs(Gain)[dB]"  "Abs(Theta)[dB]" "Phase(Theta)[deg.]"  "Abs(Phi)[dB]"  "Phase(Phi)[deg.]"  "Ax.Ratio[dB]"
------------------------------------------------------------------------------------------------------------------------------------------------------
-180.000          90.000           -2.515e+01          -3.625e+01             105.282          -2.551e+01             197.333           1.075e+01     
-179.000          90.000           -2.563e+01          -3.420e+01             195.179          -2.629e+01             198.272           3.457e+01     
-178.000          90.000           -2.443e+01          -2.739e+01             221.957          -2.749e+01             198.580           1.369e+01     
-177.000          90.000           -2.208e+01          -2.303e+01             232.850          -2.915e+01             197.756           1.234e+01     
-176.000          90.000           -1.954e+01          -1.983e+01             239.852          -3.139e+01             194.852           1.488e+01     
-175.000          90.000           -1.721e+01          -1.730e+01             245.043          -3.436e+01             187.835           1.862e+01     
-174.000          90.000           -1.522e+01          -1.524e+01             249.079          -3.810e+01             171.896           2.308e+01     
-173.000          90.000           -1.354e+01          -1.355e+01             252.305          -4.138e+01             139.140           2.856e+01     
-172.000          90.000           -1.218e+01          -1.218e+01             254.983          -4.145e+01             100.992           3.644e+01     
-171.000          90.000           -1.107e+01          -1.108e+01             257.343          -4.019e+01              78.570           4.000e+01     
-170.000          90.000           -1.019e+01          -1.020e+01             259.582          -3.975e+01              67.315           4.000e+01     
-169.000          90.000           -9.482e+00          -9.485e+00             261.843          -4.036e+01              63.307           4.000e+01     
-168.000          90.000           -8.891e+00          -8.893e+00             264.166          -4.168e+01              69.218           4.000e+01     
-167.000          90.000           -8.362e+00          -8.364e+00             266.449          -4.218e+01              90.209           4.000e+01     
-166.000          90.000           -7.842e+00          -7.845e+00             268.454          -3.989e+01             114.226           3.928e+01     
-165.000          90.000           -7.286e+00          -7.291e+00             269.883          -3.668e+01             127.257           3.373e+01     
-164.000          90.000           -6.658e+00          -6.665e+00             270.512          -3.429e+01             134.254           3.084e+01     
-163.000          90.000           -5.941e+00          -5.949e+00             270.330          -3.309e+01             140.540           2.944e+01     
-162.000          90.000           -5.147e+00          -5.154e+00             269.556          -3.312e+01             148.907           2.927e+01     
-161.000          90.000           -4.332e+00          -4.337e+00             268.509          -3.444e+01             161.274           3.050e+01     
-160.000          90.000           -3.592e+00          -3.594e+00             267.424          -3.735e+01             180.500           3.377e+01     
-159.000          90.000           -3.039e+00          -3.039e+00             266.362          -4.228e+01             219.949           4.000e+01     
-158.000          90.000           -2.768e+00          -2.769e+00             265.286          -4.198e+01             295.678           4.000e+01     
-157.000          90.000           -2.823e+00          -2.824e+00             264.255          -3.720e+01             325.176           3.555e+01     
-156.000          90.000           -3.165e+00          -3.167e+00             263.668          -3.523e+01             325.009           3.320e+01     
-155.000          90.000           -3.651e+00          -3.655e+00             264.408          -3.457e+01             302.547           3.510e+01     
-154.000          90.000           -4.028e+00          -4.035e+00             267.511          -3.212e+01             270.614           4.000e+01     
-153.000          90.000           -4.009e+00          -4.022e+00             272.995          -2.924e+01             251.609           3.400e+01     
-152.000          90.000           -3.497e+00          -3.512e+00             279.027          -2.814e+01             241.227           2.890e+01     
-151.000          90.000           -2.697e+00          -2.707e+00             283.346          -2.911e+01             231.061           2.845e+01     
-150.000          90.000           -1.889e+00          -1.894e+00             285.106          -3.148e+01             212.932           3.002e+01     
-149.000          90.000           -1.204e+00          -1.207e+00             284.829          -3.283e+01             185.517           3.174e+01     
-148.000          90.000           -6.445e-01          -6.473e-01             283.598          -3.256e+01             166.604           3.291e+01     
-147.000          90.000           -1.903e-01          -1.925e-01             282.376          -3.322e+01             155.516           3.497e+01     
-146.000          90.000            1.428e-01           1.416e-01             281.537          -3.572e+01             134.727           4.000e+01     
-145.000          90.000            3.240e-01           3.232e-01             280.884          -3.708e+01              91.831           4.000e+01     
-144.000          90.000            3.421e-01           3.411e-01             280.115          -3.603e+01              59.108           4.000e+01     
-143.000          90.000            2.076e-01           2.067e-01             279.280          -3.673e+01              35.142           3.786e+01     
-142.000          90.000           -6.912e-02          -6.994e-02             278.820          -3.729e+01               4.878           3.724e+01     
-141.000          90.000           -4.763e-01          -4.775e-01             279.240          -3.580e+01             348.665           3.590e+01     
-140.000          90.000           -9.531e-01          -9.547e-01             280.793          -3.536e+01             348.695           3.507e+01     
-139.000          90.000           -1.372e+00          -1.373e+00             283.448          -3.794e+01             348.361           3.743e+01     
-138.000          90.000           -1.620e+00          -1.620e+00             287.040          -4.567e+01             326.601           4.000e+01     
-137.000          90.000           -1.689e+00          -1.689e+00             291.392          -5.246e+01             222.784           4.000e+01     
-136.000          90.000           -1.613e+00          -1.613e+00             296.172          -4.493e+01             141.110           4.000e+01     
-135.000          90.000           -1.351e+00          -1.352e+00             300.603          -3.786e+01             133.603           4.000e+01     
-134.000          90.000           -8.613e-01          -8.635e-01             303.711          -3.396e+01             147.618           4.000e+01     
-133.000          90.000           -2.479e-01          -2.503e-01             305.265          -3.281e+01             154.238           3.886e+01     
-132.000          90.000            2.878e-01           2.866e-01             305.910          -3.521e+01             134.066           4.000e+01     
-131.000          90.000            6.522e-01           6.512e-01             306.153          -3.567e+01              81.065           3.932e+01     
-130.000          90.000            9.161e-01           9.152e-01             305.797          -3.612e+01              53.637           3.747e+01     
-129.000          90.000            1.150e+00           1.150e+00             304.549          -4.578e+01              10.975           4.000e+01     
-128.000          90.000            1.283e+00           1.283e+00             302.832          -4.344e+01             270.459           4.000e+01     
-127.000          90.000            1.227e+00           1.227e+00             301.522          -4.954e+01             267.344           4.000e+01     
-126.000          90.000            1.092e+00           1.092e+00             300.992          -4.864e+01             127.032           4.000e+01     
-125.000          90.000            1.076e+00           1.075e+00             300.683          -3.903e+01             165.666           4.000e+01     
-124.000          90.000            1.120e+00           1.119e+00             299.965          -3.441e+01             178.950           3.686e+01     
-123.000          90.000            9.479e-01           9.465e-01             299.260          -3.409e+01             171.538           3.707e+01     
-122.000          90.000            4.878e-01           4.869e-01             299.713          -3.609e+01             159.334           4.000e+01     
-121.000          90.000            2.717e-02           2.684e-02             301.901          -4.112e+01             180.145           4.000e+01     
-120.000          90.000           -2.074e-01          -2.079e-01             305.045          -3.970e+01             267.154           4.000e+01     
-119.000          90.000           -4.146e-01          -4.165e-01             308.404          -3.414e+01             300.717           4.000e+01     
-118.000          90.000           -7.992e-01          -8.026e-01             312.369          -3.192e+01             311.090           4.000e+01     
-117.000          90.000           -1.169e+00          -1.172e+00             316.847          -3.198e+01             310.110           4.000e+01     
-116.000          90.000           -1.320e+00          -1.322e+00             320.534          -3.442e+01             315.605           4.000e+01     
-115.000          90.000           -1.450e+00          -1.451e+00             323.343          -3.797e+01              10.730           3.918e+01     
-114.000          90.000           -1.740e+00          -1.744e+00             326.728          -3.211e+01              66.257           3.048e+01     
-113.000          90.000           -1.955e+00          -1.966e+00             330.667          -2.817e+01              81.975           2.682e+01     
-112.000          90.000           -1.855e+00          -1.867e+00             333.185          -2.727e+01              86.657           2.615e+01     
-111.000          90.000           -1.632e+00          -1.639e+00             334.046          -2.938e+01              91.229           2.876e+01     
-110.000          90.000           -1.535e+00          -1.537e+00             335.021          -3.336e+01             129.322           3.909e+01     
-109.000          90.000           -1.490e+00          -1.498e+00             336.629          -2.871e+01             177.659           3.613e+01     
-108.000          90.000           -1.344e+00          -1.362e+00             337.982          -2.514e+01             189.684           2.939e+01     
-107.000          90.000           -1.174e+00          -1.194e+00             339.265          -2.472e+01             200.181           2.723e+01     
-106.000          90.000           -1.087e+00          -1.101e+00             341.545          -2.609e+01             214.431           2.697e+01     
-105.000          90.000           -1.000e+00          -1.008e+00             344.480          -2.861e+01             235.752           2.807e+01     
-104.000          90.000           -8.284e-01          -8.364e-01             346.674          -2.817e+01             280.698           2.812e+01     
-103.000          90.000           -6.716e-01          -6.940e-01             347.984          -2.355e+01             303.181           2.592e+01     
-102.000          90.000           -6.658e-01          -6.954e-01             349.377          -2.234e+01             306.574           2.504e+01     
-101.000          90.000           -7.666e-01          -7.801e-01             351.292          -2.586e+01             312.726           2.920e+01     
-100.000          90.000           -7.884e-01          -7.941e-01             353.451          -2.956e+01               0.042           4.000e+01     
 -99.000          90.000           -6.694e-01          -6.862e-01             355.433          -2.480e+01              27.065           2.974e+01     
 -98.000          90.000           -5.160e-01          -5.413e-01             356.877          -2.289e+01              35.011           2.656e+01     
 -97.000          90.000           -4.266e-01          -4.475e-01             357.856          -2.361e+01              51.884           2.502e+01     
 -96.000          90.000           -3.803e-01          -3.949e-01             359.063          -2.514e+01              70.061           2.523e+01     
 -95.000          90.000           -3.081e-01          -3.168e-01               0.940          -2.729e+01              90.303           2.697e+01     
 -94.000          90.000           -1.808e-01          -1.943e-01               3.095          -2.528e+01             127.420           2.675e+01     
 -93.000          90.000           -3.161e-02          -6.134e-02               5.212          -2.169e+01             140.510           2.472e+01     
 -92.000          90.000            9.659e-02           7.408e-02               7.528          -2.277e+01             141.827           2.577e+01     
 -91.000          90.000            2.065e-01           2.013e-01              10.085          -2.900e+01             162.010           3.576e+01     
 -90.000          90.000            2.549e-01           2.456e-01              12.695          -2.647e+01             214.762           3.523e+01     
 -89.000          90.000            2.023e-01           1.783e-01              15.580          -2.239e+01             219.581           3.042e+01     
 -88.000          90.000            1.274e-01           1.043e-01              18.909          -2.262e+01             229.039           2.874e+01     
 -87.000          90.000            9.568e-02           8.019e-02              22.043          -2.439e+01             251.292           2.689e+01     
 -86.000          90.000           -1.112e-02          -2.297e-02              24.404          -2.566e+01             268.316           2.657e+01     
 -85.000          90.000           -2.756e-01          -2.871e-01              26.404          -2.605e+01             294.069           2.577e+01     
 -84.000          90.000           -5.410e-01          -5.681e-01              28.631          -2.260e+01             320.893           2.271e+01     
 -83.000          90.000           -6.803e-01          -7.183e-01              30.757          -2.128e+01             325.464           2.141e+01     
 -82.000          90.000           -7.949e-01          -8.109e-01              32.020          -2.512e+01             326.956           2.516e+01     
 -81.000          90.000           -9.391e-01          -9.456e-01              32.462          -2.915e+01              19.515           4.000e+01     
 -80.000          90.000           -1.029e+00          -1.057e+00              32.945          -2.300e+01              41.856           3.820e+01     
 -79.000          90.000           -1.022e+00          -1.059e+00              34.069          -2.179e+01              40.628           3.965e+01     
 -78.000          90.000           -9.615e-01          -9.785e-01              35.571          -2.505e+01              50.488           3.589e+01     
 -77.000          90.000           -8.489e-01          -8.589e-01              37.155          -2.723e+01              81.819           2.944e+01     
 -76.000          90.000           -6.947e-01          -7.082e-01              39.054          -2.580e+01              99.550           2.630e+01     
 -75.000          90.000           -5.610e-01          -5.767e-01              41.294          -2.499e+01             116.835           2.470e+01     
 -74.000          90.000           -5.318e-01          -5.502e-01              43.515          -2.428e+01             133.872           2.373e+01     
 -73.000          90.000           -6.348e-01          -6.502e-01              45.922          -2.514e+01             135.556           2.449e+01     
 -72.000          90.000           -7.914e-01          -7.983e-01              49.120          -2.875e+01             138.619           2.796e+01     
 -71.000          90.000           -8.864e-01          -8.919e-01              52.502          -2.983e+01             187.017           3.188e+01     
 -70.000          90.000           -9.190e-01          -9.340e-01              54.450          -2.554e+01             205.670           3.098e+01     
 -69.000          90.000           -1.024e+00          -1.039e+00              54.769          -2.562e+01             198.263           2.911e+01     
 -68.000          90.000           -1.278e+00          -1.286e+00              54.972          -2.904e+01             186.695           3.030e+01     
 -67.000          90.000           -1.568e+00          -1.571e+00              55.940          -3.372e+01             210.776           3.958e+01     
 -66.000          90.000           -1.667e+00          -1.672e+00              56.934          -3.075e+01             257.634           3.812e+01     
 -65.000          90.000           -1.544e+00          -1.552e+00              57.259          -2.878e+01             264.606           3.400e+01     
 -64.000          90.000           -1.382e+00          -1.389e+00              57.325          -2.971e+01             254.439           3.896e+01     
 -63.000          90.000           -1.250e+00          -1.254e+00              57.571          -3.114e+01             242.695           4.000e+01     
 -62.000          90.000           -1.046e+00          -1.048e+00              57.955          -3.352e+01             255.974           4.000e+01     
 -61.000          90.000           -7.635e-01          -7.659e-01              58.537          -3.340e+01             297.360           3.399e+01     
 -60.000          90.000           -5.309e-01          -5.348e-01              59.654          -3.096e+01             312.137           3.084e+01     
 -59.000          90.000           -3.529e-01          -3.570e-01              61.565          -3.059e+01             305.922           3.113e+01     
 -58.000          90.000           -8.243e-02          -8.517e-02              64.170          -3.208e+01             295.670           3.413e+01     
 -57.000          90.000            2.976e-01           2.964e-01              67.030          -3.539e+01             296.593           3.806e+01     
 -56.000          90.000            6.121e-01           6.114e-01              69.835          -3.754e+01             335.698           3.817e+01     
 -55.000          90.000            7.598e-01           7.582e-01              72.717          -3.361e+01               9.220           3.533e+01     
 -54.000          90.000            8.290e-01           8.270e-01              75.890          -3.244e+01              17.300           3.465e+01     
 -53.000          90.000            9.148e-01           9.142e-01              79.179          -3.746e+01              12.406           3.911e+01     
 -52.000          90.000            9.670e-01           9.670e-01              82.291          -4.755e+01             261.548           4.000e+01     
 -51.000          90.000            8.972e-01           8.970e-01              85.461          -4.289e+01             211.295           4.000e+01     
 -50.000          90.000            7.337e-01           7.336e-01              89.200          -4.522e+01             117.058           4.000e+01     
 -49.000          90.000            5.648e-01           5.644e-01              93.301          -4.022e+01              83.545           4.000e+01     
 -48.000          90.000            3.742e-01           3.742e-01              96.653          -5.242e+01             107.085           4.000e+01     
 -47.000          90.000            5.570e-02           5.513e-02              98.466          -3.877e+01             247.208           4.000e+01     
 -46.000          90.000           -4.341e-01          -4.356e-01              99.111          -3.482e+01             251.189           4.000e+01     
 -45.000          90.000           -1.024e+00          -1.026e+00              99.476          -3.620e+01             251.374           4.000e+01     
 -44.000          90.000           -1.581e+00          -1.582e+00              99.651          -4.134e+01             250.608           4.000e+01     
 -43.000          90.000           -1.938e+00          -1.938e+00              98.705          -5.762e+01             311.342           4.000e+01     
 -42.000          90.000           -1.914e+00          -1.914e+00              96.234          -4.273e+01              44.962           4.000e+01     
 -41.000          90.000           -1.457e+00          -1.458e+00              93.558          -4.127e+01              46.523           4.000e+01     
 -40.000          90.000           -7.615e-01          -7.615e-01              92.336          -5.510e+01             277.203           4.000e+01     
 -39.000          90.000           -1.016e-01          -1.031e-01              92.974          -3.488e+01             238.044           3.962e+01     
 -38.000          90.000            3.613e-01           3.578e-01              95.115          -3.060e+01             234.308           3.465e+01     
 -37.000          90.000            6.056e-01           6.026e-01              98.515          -3.097e+01             228.990           3.395e+01     
 -36.000          90.000            6.867e-01           6.855e-01             103.087          -3.478e+01             220.234           3.647e+01     
 -35.000          90.000            6.551e-01           6.548e-01             108.509          -4.148e+01             215.771           4.000e+01     
 -34.000          90.000            5.056e-01           5.055e-01             114.161          -4.547e+01             259.645           4.000e+01     
 -33.000          90.000            1.921e-01           1.918e-01             119.436          -4.043e+01             280.042           4.000e+01     
 -32.000          90.000           -3.198e-01          -3.205e-01             123.933          -3.816e+01             274.811           4.000e+01     
 -31.000          90.000           -1.023e+00          -1.024e+00             127.256          -3.756e+01             265.672           4.000e+01     
 -30.000          90.000           -1.875e+00          -1.877e+00             128.746          -3.682e+01             261.622           3.764e+01     
 -29.000          90.000           -2.790e+00          -2.792e+00             127.582          -3.582e+01             265.720           3.655e+01     
 -28.000          90.000           -3.600e+00          -3.603e+00             123.495          -3.598e+01             272.074           3.804e+01     
 -27.000          90.000           -4.089e+00          -4.090e+00             117.797          -3.987e+01             275.777           4.000e+01     
 -26.000          90.000           -4.174e+00          -4.174e+00             113.235          -5.562e+01             129.429           4.000e+01     
 -25.000          90.000           -3.989e+00          -3.991e+00             111.930          -3.643e+01             107.719           4.000e+01     
 -24.000          90.000           -3.705e+00          -3.712e+00             113.988          -3.196e+01             106.364           4.000e+01     
 -23.000          90.000           -3.422e+00          -3.430e+00             118.088          -3.076e+01             103.372           3.925e+01     
 -22.000          90.000           -3.213e+00          -3.219e+00             122.647          -3.129e+01              97.207           3.542e+01     
 -21.000          90.000           -3.152e+00          -3.157e+00             126.620          -3.260e+01              87.616           3.347e+01     
 -20.000          90.000           -3.297e+00          -3.301e+00             129.652          -3.395e+01              77.221           3.267e+01     
 -19.000          90.000           -3.668e+00          -3.671e+00             131.812          -3.517e+01              69.990           3.260e+01     
 -18.000          90.000           -4.243e+00          -4.245e+00             133.279          -3.665e+01              66.320           3.313e+01     
 -17.000          90.000           -4.976e+00          -4.978e+00             134.144          -3.879e+01              62.418           3.426e+01     
 -16.000          90.000           -5.807e+00          -5.808e+00             134.367          -4.176e+01              51.554           3.602e+01     
 -15.000          90.000           -6.668e+00          -6.668e+00             133.858          -4.468e+01              25.085           3.849e+01     
 -14.000          90.000           -7.501e+00          -7.502e+00             132.618          -4.521e+01             349.769           4.000e+01     
 -13.000          90.000           -8.274e+00          -8.275e+00             130.849          -4.459e+01             323.582           4.000e+01     
 -12.000          90.000           -8.991e+00          -8.992e+00             128.917          -4.473e+01             300.791           4.000e+01     
 -11.000          90.000           -9.698e+00          -9.699e+00             127.199          -4.511e+01             272.786           4.000e+01     
 -10.000          90.000           -1.046e+01          -1.047e+01             125.934          -4.443e+01             242.790           3.496e+01     
  -9.000          90.000           -1.136e+01          -1.136e+01             125.172          -4.317e+01             219.730           3.183e+01     
  -8.000          90.000           -1.246e+01          -1.247e+01             124.823          -4.248e+01             201.932           3.024e+01     
  -7.000          90.000           -1.383e+01          -1.383e+01             124.730          -4.257e+01             182.777           3.017e+01     
  -6.000          90.000           -1.551e+01          -1.552e+01             124.731          -4.258e+01             156.882           3.255e+01     
  -5.000          90.000           -1.759e+01          -1.761e+01             124.694          -4.105e+01             128.749           4.000e+01     
  -4.000          90.000           -2.018e+01          -2.024e+01             124.539          -3.840e+01             109.238           2.986e+01     
  -3.000          90.000           -2.343e+01          -2.368e+01             124.248          -3.591e+01              98.655           1.994e+01     
  -2.000          90.000           -2.757e+01          -2.869e+01             123.864          -3.401e+01              93.188           1.298e+01     
  -1.000          90.000           -3.179e+01          -3.901e+01             123.589          -3.270e+01              90.388           1.294e+01     
   0.000          90.000           -3.101e+01          -3.847e+01             302.940          -3.187e+01              89.622           1.311e+01     
   1.000          90.000           -2.741e+01          -2.945e+01             302.485          -3.168e+01              88.688           1.069e+01     
   2.000          90.000           -2.430e+01          -2.513e+01             302.250          -3.188e+01              89.194           1.328e+01     
   3.000          90.000           -2.174e+01          -2.212e+01             301.956          -3.252e+01              90.785           1.670e+01     
   4.000          90.000           -1.953e+01          -1.971e+01             301.468          -3.360e+01              93.914           2.087e+01     
   5.000          90.000           -1.756e+01          -1.763e+01             300.659          -3.507e+01              99.202           2.630e+01     
   6.000          90.000           -1.578e+01          -1.582e+01             299.463          -3.685e+01             107.207           3.456e+01     
   7.000          90.000           -1.421e+01          -1.422e+01             297.894          -3.886e+01             117.974           4.000e+01     
   8.000          90.000           -1.283e+01          -1.284e+01             296.041          -4.113e+01             130.832           4.000e+01     
   9.000          90.000           -1.164e+01          -1.165e+01             294.048          -4.401e+01             145.690           3.797e+01     
  10.000          90.000           -1.063e+01          -1.063e+01             292.091          -4.825e+01             167.480           3.930e+01     
  11.000          90.000           -9.769e+00          -9.769e+00             290.340          -5.276e+01             217.143           4.000e+01     
  12.000          90.000           -9.009e+00          -9.009e+00             288.926          -5.070e+01             271.156           4.000e+01     
  13.000          90.000           -8.302e+00          -8.303e+00             287.897          -4.865e+01             292.227           4.000e+01     
  14.000          90.000           -7.599e+00          -7.600e+00             287.196          -4.960e+01             308.027           4.000e+01     
  15.000          90.000           -6.868e+00          -6.868e+00             286.671          -5.243e+01             349.521           4.000e+01     
  16.000          90.000           -6.107e+00          -6.107e+00             286.122          -4.776e+01              42.877           4.000e+01     
  17.000          90.000           -5.349e+00          -5.350e+00             285.348          -4.213e+01              55.309           3.909e+01     
  18.000          90.000           -4.650e+00          -4.651e+00             284.136          -3.853e+01              57.055           3.659e+01     
  19.000          90.000           -4.059e+00          -4.062e+00             282.225          -3.632e+01              59.291           3.559e+01     
  20.000          90.000           -3.606e+00          -3.609e+00             279.283          -3.501e+01              66.558           3.675e+01     
  21.000          90.000           -3.280e+00          -3.284e+00             274.997          -3.403e+01              79.771           4.000e+01     
  22.000          90.000           -3.038e+00          -3.042e+00             269.319          -3.303e+01              94.694           4.000e+01     
  23.000          90.000           -2.832e+00          -2.836e+00             262.754          -3.264e+01             106.366           3.775e+01     
  24.000          90.000           -2.669e+00          -2.673e+00             256.381          -3.409e+01             114.836           3.555e+01     
  25.000          90.000           -2.629e+00          -2.630e+00             251.429          -3.955e+01             127.255           3.857e+01     
  26.000          90.000           -2.792e+00          -2.793e+00             248.805          -4.689e+01             233.017           4.000e+01     
  27.000          90.000           -3.137e+00          -3.139e+00             248.878          -3.741e+01             268.574           4.000e+01     
  28.000          90.000           -3.480e+00          -3.483e+00             251.290          -3.500e+01             267.159           4.000e+01     
  29.000          90.000           -3.554e+00          -3.556e+00             254.691          -3.526e+01             259.124           4.000e+01     
  30.000          90.000           -3.216e+00          -3.218e+00             257.198          -3.627e+01             252.342           4.000e+01     
  31.000          90.000           -2.553e+00          -2.554e+00             257.653          -3.701e+01             256.447           4.000e+01     
  32.000          90.000           -1.757e+00          -1.758e+00             255.988          -3.761e+01             269.273           4.000e+01     
  33.000          90.000           -9.826e-01          -9.831e-01             252.548          -3.968e+01             279.601           4.000e+01     
  34.000          90.000           -2.980e-01          -2.982e-01             247.711          -4.527e+01             267.360           4.000e+01     
  35.000          90.000            2.830e-01           2.828e-01             242.020          -4.235e+01             213.112           4.000e+01     
  36.000          90.000            7.425e-01           7.413e-01             236.175          -3.502e+01             216.607           4.000e+01     
  37.000          90.000            1.036e+00           1.033e+00             230.651          -3.087e+01             226.670           4.000e+01     
  38.000          90.000            1.118e+00           1.114e+00             225.422          -3.017e+01             233.021           4.000e+01     
  39.000          90.000            9.725e-01           9.711e-01             220.179          -3.404e+01             237.910           4.000e+01     
  40.000          90.000            6.225e-01           6.225e-01             214.844          -5.128e+01             282.456           4.000e+01     
  41.000          90.000            1.294e-01           1.290e-01             209.829          -3.944e+01              40.252           4.000e+01     
  42.000          90.000           -3.830e-01          -3.836e-01             205.809          -3.924e+01              40.458           4.000e+01     
  43.000          90.000           -7.458e-01          -7.459e-01             203.205          -4.940e+01              20.990           4.000e+01     
  44.000          90.000           -8.854e-01          -8.856e-01             201.940          -4.300e+01             250.651           4.000e+01     
  45.000          90.000           -9.316e-01          -9.329e-01             201.712          -3.598e+01             250.295           3.754e+01     
  46.000          90.000           -1.064e+00          -1.066e+00             202.213          -3.377e+01             254.054           3.479e+01     
  47.000          90.000           -1.266e+00          -1.267e+00             202.826          -3.630e+01             257.455           3.681e+01     
  48.000          90.000           -1.311e+00          -1.311e+00             202.597          -5.272e+01             274.582           4.000e+01     
  49.000          90.000           -1.037e+00          -1.037e+00             201.221          -4.366e+01              82.859           4.000e+01     
  50.000          90.000           -5.512e-01          -5.513e-01             199.419          -4.578e+01             133.922           4.000e+01     
  51.000          90.000           -7.954e-02          -7.982e-02             197.543          -4.213e+01             206.496           4.000e+01     
  52.000          90.000            2.813e-01           2.813e-01             194.943          -4.932e+01             259.824           4.000e+01     
  53.000          90.000            5.809e-01           5.800e-01             191.120          -3.654e+01              14.498           4.000e+01     
  54.000          90.000            8.632e-01           8.606e-01             186.632          -3.142e+01              17.342           4.000e+01     
  55.000          90.000            1.076e+00           1.074e+00             182.186          -3.212e+01              10.561           4.000e+01     
  56.000          90.000            1.156e+00           1.155e+00             177.571          -3.584e+01             344.672           4.000e+01     
  57.000          90.000            1.113e+00           1.112e+00             172.347          -3.470e+01             303.069           3.822e+01     
  58.000          90.000            9.969e-01           9.942e-01             166.999          -3.104e+01             295.775           3.420e+01     
  59.000          90.000            8.220e-01           8.180e-01             162.439          -2.953e+01             301.741           3.406e+01     
  60.000          90.000            5.880e-01           5.845e-01             158.715          -3.040e+01             304.507           3.599e+01     
  61.000          90.000            3.158e-01           3.137e-01             155.276          -3.283e+01             283.921           3.529e+01     
  62.000          90.000            3.174e-02           2.875e-02             152.187          -3.159e+01             246.444           3.164e+01     
  63.000          90.000           -2.504e-01          -2.553e-01             149.842          -2.972e+01             237.428           2.947e+01     
  64.000          90.000           -5.028e-01          -5.083e-01             147.764          -2.949e+01             245.839           2.907e+01     
  65.000          90.000           -6.692e-01          -6.752e-01             145.226          -2.930e+01             252.140           2.901e+01     
  66.000          90.000           -7.106e-01          -7.153e-01             142.759          -3.036e+01             241.525           2.974e+01     
  67.000          90.000           -6.812e-01          -6.843e-01             141.209          -3.207e+01             206.009           3.225e+01     
  68.000          90.000           -7.160e-01          -7.220e-01             139.874          -2.929e+01             181.913           3.206e+01     
  69.000          90.000           -8.793e-01          -8.921e-01             137.432          -2.618e+01             190.649           2.723e+01     
  70.000          90.000           -1.050e+00          -1.065e+00             133.976          -2.562e+01             199.823           2.536e+01     
  71.000          90.000           -1.097e+00          -1.103e+00             130.690          -2.980e+01             187.576           3.024e+01     
  72.000          90.000           -1.092e+00          -1.097e+00             127.973          -2.992e+01             130.892           4.000e+01     
  73.000          90.000           -1.198e+00          -1.214e+00             125.564          -2.542e+01             126.438           4.000e+01     
  74.000          90.000           -1.442e+00          -1.465e+00             123.647          -2.415e+01             130.978           4.000e+01     
  75.000          90.000           -1.743e+00          -1.761e+00             122.159          -2.565e+01             118.784           4.000e+01     
  76.000          90.000           -2.038e+00          -2.052e+00             120.259          -2.711e+01              92.284           3.165e+01     
  77.000          90.000           -2.253e+00          -2.267e+00             117.986          -2.711e+01              70.812           2.755e+01     
  78.000          90.000           -2.284e+00          -2.307e+00             116.810          -2.499e+01              50.466           2.346e+01     
  79.000          90.000           -2.206e+00          -2.247e+00             117.133          -2.250e+01              39.809           2.047e+01     
  80.000          90.000           -2.248e+00          -2.281e+00             117.459          -2.346e+01              36.715           2.130e+01     
  81.000          90.000           -2.389e+00          -2.400e+00             116.708          -2.843e+01              15.651           2.620e+01     
  82.000          90.000           -2.347e+00          -2.368e+00             115.242          -2.557e+01             328.893           2.836e+01     
  83.000          90.000           -2.087e+00          -2.137e+00             113.636          -2.150e+01             324.754           2.517e+01     
  84.000          90.000           -1.857e+00          -1.899e+00             111.918          -2.207e+01             321.303           2.642e+01     
  85.000          90.000           -1.720e+00          -1.737e+00             110.195          -2.564e+01             299.360           3.989e+01     
  86.000          90.000           -1.582e+00          -1.598e+00             108.532          -2.602e+01             266.554           3.298e+01     
  87.000          90.000           -1.483e+00          -1.507e+00             106.336          -2.410e+01             246.555           2.650e+01     
  88.000          90.000           -1.478e+00          -1.515e+00             103.099          -2.215e+01             227.395           2.232e+01     
  89.000          90.000           -1.491e+00          -1.530e+00              99.512          -2.195e+01             216.449           2.143e+01     
  90.000          90.000           -1.458e+00          -1.475e+00              96.707          -2.550e+01             206.833           2.457e+01     
  91.000          90.000           -1.469e+00          -1.480e+00              94.510          -2.761e+01             160.760           2.691e+01     
  92.000          90.000           -1.635e+00          -1.671e+00              91.986          -2.247e+01             140.228           2.338e+01     
  93.000          90.000           -1.887e+00          -1.936e+00              89.243          -2.139e+01             138.235           2.194e+01     
  94.000          90.000           -2.074e+00          -2.096e+00              87.181          -2.492e+01             125.722           2.696e+01     
  95.000          90.000           -2.188e+00          -2.201e+00              85.683          -2.738e+01              85.950           4.000e+01     
  96.000          90.000           -2.361e+00          -2.384e+00              84.028          -2.512e+01              64.574           3.232e+01     
  97.000          90.000           -2.543e+00          -2.577e+00              82.608          -2.362e+01              48.565           2.613e+01     
  98.000          90.000           -2.603e+00          -2.643e+00              81.974          -2.294e+01              30.616           2.247e+01     
  99.000          90.000           -2.608e+00          -2.636e+00              81.024          -2.455e+01              19.905           2.308e+01     
 100.000          90.000           -2.604e+00          -2.613e+00              78.769          -2.904e+01             354.896           2.648e+01     
 101.000          90.000           -2.440e+00          -2.458e+00              76.487          -2.627e+01             309.244           2.580e+01     
 102.000          90.000           -2.141e+00          -2.181e+00              75.356          -2.252e+01             302.945           2.301e+01     
 103.000          90.000           -1.972e+00          -2.004e+00              73.799          -2.328e+01             300.845           2.402e+01     
 104.000          90.000           -1.947e+00          -1.958e+00              70.154          -2.801e+01             281.028           3.186e+01     
 105.000          90.000           -1.790e+00          -1.798e+00              65.714          -2.927e+01             231.756           3.984e+01     
 106.000          90.000           -1.486e+00          -1.499e+00              62.442          -2.662e+01             210.515           3.068e+01     
 107.000          90.000           -1.266e+00          -1.283e+00              59.594          -2.518e+01             198.894           2.763e+01     
 108.000          90.000           -1.168e+00          -1.185e+00              56.131          -2.533e+01             188.170           2.674e+01     
 109.000          90.000           -1.077e+00          -1.085e+00              53.306          -2.838e+01             173.611           2.857e+01     
 110.000          90.000           -1.013e+00          -1.016e+00              52.029          -3.266e+01             125.046           3.203e+01     
 111.000          90.000           -1.029e+00          -1.036e+00              50.693          -2.925e+01              85.477           3.310e+01     
 112.000          90.000           -9.757e-01          -9.857e-01              48.309          -2.737e+01              81.421           3.165e+01     
 113.000          90.000           -7.126e-01          -7.201e-01              46.804          -2.832e+01              78.816           3.312e+01     
 114.000          90.000           -4.020e-01          -4.047e-01              47.419          -3.239e+01              61.927           4.000e+01     
 115.000          90.000           -2.228e-01          -2.237e-01              48.310          -3.690e+01             357.262           3.886e+01     
 116.000          90.000           -8.766e-02          -9.003e-02              47.784          -3.271e+01             309.698           3.271e+01     
 117.000          90.000            1.811e-01           1.777e-01              46.831          -3.086e+01             303.082           3.129e+01     
 118.000          90.000            5.219e-01           5.190e-01              46.794          -3.130e+01             304.212           3.203e+01     
 119.000          90.000            7.738e-01           7.724e-01              46.875          -3.403e+01             295.768           3.540e+01     
 120.000          90.000            9.655e-01           9.652e-01              46.148          -3.999e+01             249.503           4.000e+01     
 121.000          90.000            1.211e+00           1.210e+00              45.706          -3.655e+01             174.070           3.988e+01     
 122.000          90.000            1.437e+00           1.435e+00              46.846          -3.275e+01             162.333           3.507e+01     
 123.000          90.000            1.468e+00           1.466e+00              48.772          -3.187e+01             168.899           3.460e+01     
 124.000          90.000            1.280e+00           1.279e+00              49.926          -3.299e+01             171.884           3.569e+01     
 125.000          90.000            1.046e+00           1.045e+00              50.325          -3.692e+01             159.783           3.847e+01     
 126.000          90.000            8.950e-01           8.949e-01              51.329          -4.547e+01             150.113           4.000e+01     
 127.000          90.000            7.263e-01           7.261e-01              53.238          -4.431e+01             263.043           4.000e+01     
 128.000          90.000            3.627e-01           3.623e-01              54.813          -3.970e+01             281.281           4.000e+01     
 129.000          90.000           -1.999e-01          -2.002e-01              55.062          -4.189e+01             347.750           4.000e+01     
 130.000          90.000           -7.776e-01          -7.789e-01              54.142          -3.620e+01              44.820           4.000e+01     
 131.000          90.000           -1.240e+00          -1.241e+00              52.444          -3.597e+01              79.196           4.000e+01     
 132.000          90.000           -1.617e+00          -1.619e+00              49.607          -3.480e+01             133.652           3.322e+01     
 133.000          90.000           -1.917e+00          -1.921e+00              45.351          -3.184e+01             152.150           3.030e+01     
 134.000          90.000           -2.013e+00          -2.017e+00              40.754          -3.214e+01             147.859           3.052e+01     
 135.000          90.000           -1.820e+00          -1.822e+00              37.529          -3.522e+01             140.484           3.362e+01     
 136.000          90.000           -1.427e+00          -1.427e+00              36.136          -4.180e+01             146.787           4.000e+01     
 137.000          90.000           -9.894e-01          -9.894e-01              35.893          -5.821e+01             242.530           4.000e+01     
 138.000          90.000           -5.902e-01          -5.906e-01              36.372          -4.143e+01             343.077           4.000e+01     
 139.000          90.000           -2.216e-01          -2.229e-01              37.651          -3.535e+01             350.412           3.781e+01     
 140.000          90.000            1.301e-01           1.282e-01              39.683          -3.346e+01             346.260           3.549e+01     
 141.000          90.000            4.201e-01           4.185e-01              42.120          -3.400e+01             341.542           3.562e+01     
 142.000          90.000            5.755e-01           5.746e-01              44.664          -3.608e+01             350.416           3.847e+01     
 143.000          90.000            5.662e-01           5.656e-01              47.199          -3.766e+01              22.257           4.000e+01     
 144.000          90.000            4.173e-01           4.166e-01              49.554          -3.778e+01              59.774           4.000e+01     
 145.000          90.000            1.580e-01           1.573e-01              51.451          -3.746e+01             104.695           3.954e+01     
 146.000          90.000           -2.185e-01          -2.202e-01              52.791          -3.429e+01             141.093           3.407e+01     
 147.000          90.000           -7.389e-01          -7.423e-01              53.813          -3.179e+01             154.557           3.120e+01     
 148.000          90.000           -1.400e+00          -1.404e+00              54.757          -3.137e+01             161.474           3.034e+01     
 149.000          90.000           -2.133e+00          -2.137e+00              55.286          -3.233e+01             176.942           3.160e+01     
 150.000          90.000           -2.808e+00          -2.814e+00              54.401          -3.207e+01             207.245           3.607e+01     
 151.000          90.000           -3.262e+00          -3.272e+00              51.340          -2.983e+01             230.910           4.000e+01     
 152.000          90.000           -3.365e+00          -3.378e+00              46.875          -2.863e+01             243.417           3.619e+01     
 153.000          90.000           -3.144e+00          -3.154e+00              43.192          -2.944e+01             254.254           3.205e+01     
 154.000          90.000           -2.780e+00          -2.785e+00              42.035          -3.193e+01             271.367           3.155e+01     
 155.000          90.000           -2.449e+00          -2.452e+00              43.555          -3.443e+01             297.651           3.232e+01     
 156.000          90.000           -2.251e+00          -2.253e+00              46.758          -3.591e+01             317.219           3.365e+01     
 157.000          90.000           -2.245e+00          -2.246e+00              50.406          -3.887e+01             317.203           3.663e+01     
 158.000          90.000           -2.477e+00          -2.477e+00              53.655          -4.598e+01             276.655           4.000e+01     
 159.000          90.000           -2.964e+00          -2.965e+00              56.232          -4.189e+01             181.746           4.000e+01     
 160.000          90.000           -3.679e+00          -3.682e+00              58.279          -3.601e+01             154.690           3.238e+01     
 161.000          90.000           -4.546e+00          -4.552e+00              60.070          -3.322e+01             139.519           2.882e+01     
 162.000          90.000           -5.460e+00          -5.469e+00              61.762          -3.223e+01             127.663           2.756e+01     
 163.000          90.000           -6.323e+00          -6.333e+00              63.262          -3.267e+01             116.968           2.822e+01     
 164.000          90.000           -7.068e+00          -7.076e+00              64.283          -3.438e+01             105.412           3.096e+01     
 165.000          90.000           -7.681e+00          -7.686e+00              64.565          -3.712e+01              90.560           3.661e+01     
 166.000          90.000           -8.194e+00          -8.197e+00              64.072          -4.023e+01              72.065           4.000e+01     
 167.000          90.000           -8.668e+00          -8.669e+00              62.987          -4.327e+01              58.770           4.000e+01     
 168.000          90.000           -9.169e+00          -9.170e+00              61.583          -4.716e+01              73.000           4.000e+01     
 169.000          90.000           -9.757e+00          -9.758e+00              60.083          -4.558e+01             133.153           3.620e+01     
 170.000          90.000           -1.048e+01          -1.048e+01              58.604          -3.900e+01             159.393           2.867e+01     
 171.000          90.000           -1.136e+01          -1.138e+01              57.177          -3.443e+01             168.833           2.369e+01     
 172.000          90.000           -1.242e+01          -1.247e+01              55.805          -3.128e+01             174.710           1.999e+01     
 173.000          90.000           -1.365e+01          -1.378e+01              54.520          -2.903e+01             179.418           1.706e+01     
 174.000          90.000           -1.504e+01          -1.530e+01              53.441          -2.739e+01             183.440           1.463e+01     
 175.000          90.000           -1.657e+01          -1.707e+01              52.814          -2.621e+01             186.874           1.254e+01     
 176.000          90.000           -1.821e+01          -1.913e+01              53.043          -2.542e+01             189.772           1.069e+01     
 177.000          90.000           -1.995e+01          -2.159e+01              54.757          -2.496e+01             192.198           9.032e+00     
 178.000          90.000           -2.176e+01          -2.472e+01              59.087          -2.482e+01             194.233           7.688e+00     
 179.000          90.000           -2.357e+01          -2.914e+01              69.278          -2.498e+01             195.936           7.457e+00     
