"Theta[deg.]"  "Phi[deg.]" "Abs(Gain)[dB]"   "Abs(Theta)[dB]"  "Phase(Theta)[deg.]"  "Abs(Phi)[dB]" "Phase(Phi)[deg.]"  "Ax.Ratio[dB]"
------------------------------------------------------------------------------------------------------------------------------------------------------
-180.000           0.000           -2.515e+01          -2.551e+01             197.333          -3.625e+01             285.282           1.075e+01     
-179.000           0.000           -2.280e+01          -2.300e+01             208.810          -3.629e+01             276.032           1.406e+01     
-178.000           0.000           -2.251e+01          -2.270e+01             221.914          -3.634e+01             266.884           1.685e+01     
-177.000           0.000           -2.380e+01          -2.405e+01             242.823          -3.633e+01             257.926           2.444e+01     
-176.000           0.000           -2.523e+01          -2.559e+01             285.047          -3.623e+01             249.635           1.588e+01     
-175.000           0.000           -2.226e+01          -2.245e+01             335.633          -3.602e+01             242.483           1.359e+01     
-174.000           0.000           -1.755e+01          -1.762e+01               1.701          -3.574e+01             236.763           1.989e+01     
-173.000           0.000           -1.383e+01          -1.386e+01              15.197          -3.540e+01             232.501           2.592e+01     
-172.000           0.000           -1.110e+01          -1.112e+01              24.084          -3.502e+01             229.439           3.129e+01     
-171.000           0.000           -9.148e+00          -9.161e+00              31.176          -3.460e+01             227.087           3.670e+01     
-170.000           0.000           -7.831e+00          -7.842e+00              37.852          -3.417e+01             224.802           4.000e+01     
-169.000           0.000           -7.046e+00          -7.055e+00              45.146          -3.374e+01             221.903           4.000e+01     
-168.000           0.000           -6.665e+00          -6.674e+00              54.043          -3.335e+01             217.802           3.776e+01     
-167.000           0.000           -6.485e+00          -6.495e+00              65.298          -3.303e+01             212.113           3.178e+01     
-166.000           0.000           -6.219e+00          -6.229e+00              78.690          -3.279e+01             204.719           2.842e+01     
-165.000           0.000           -5.679e+00          -5.688e+00              92.405          -3.267e+01             195.827           2.722e+01     
-164.000           0.000           -4.996e+00          -5.003e+00             104.255          -3.269e+01             185.954           2.778e+01     
-163.000           0.000           -4.522e+00          -4.528e+00             113.674          -3.293e+01             175.850           2.947e+01     
-162.000           0.000           -4.584e+00          -4.590e+00             122.036          -3.352e+01             166.395           3.204e+01     
-161.000           0.000           -5.346e+00          -5.352e+00             132.339          -3.462e+01             158.686           3.633e+01     
-160.000           0.000           -6.550e+00          -6.554e+00             149.353          -3.640e+01             154.540           4.000e+01     
-159.000           0.000           -6.873e+00          -6.875e+00             175.233          -3.885e+01             157.728           4.000e+01     
-158.000           0.000           -5.354e+00          -5.355e+00             198.592          -4.095e+01             173.330           4.000e+01     
-157.000           0.000           -3.499e+00          -3.500e+00             211.364          -4.071e+01             192.922           4.000e+01     
-156.000           0.000           -2.489e+00          -2.490e+00             217.825          -3.921e+01             200.008           4.000e+01     
-155.000           0.000           -2.608e+00          -2.610e+00             223.584          -3.828e+01             196.546           4.000e+01     
-154.000           0.000           -3.718e+00          -3.720e+00             234.565          -3.836e+01             187.958           3.741e+01     
-153.000           0.000           -4.688e+00          -4.690e+00             256.691          -3.949e+01             177.417           3.495e+01     
-152.000           0.000           -3.601e+00          -3.602e+00             282.139          -4.167e+01             167.294           3.891e+01     
-151.000           0.000           -1.507e+00          -1.507e+00             296.448          -4.476e+01             160.660           4.000e+01     
-150.000           0.000           -5.902e-02          -5.909e-02             302.362          -4.799e+01             161.661           4.000e+01     
-149.000           0.000            4.399e-01           4.398e-01             305.806          -4.983e+01             169.007           4.000e+01     
-148.000           0.000            1.646e-01           1.646e-01             310.537          -5.051e+01             175.358           4.000e+01     
-147.000           0.000           -5.470e-01          -5.471e-01             318.738          -5.172e+01             188.833           4.000e+01     
-146.000           0.000           -1.305e+00          -1.305e+00             331.093          -5.125e+01             223.434           4.000e+01     
-145.000           0.000           -1.767e+00          -1.767e+00             347.263          -4.751e+01             245.257           4.000e+01     
-144.000           0.000           -1.540e+00          -1.540e+00               5.797          -4.570e+01             247.570           4.000e+01     
-143.000           0.000           -4.514e-01          -4.515e-01              22.070          -4.793e+01             242.961           4.000e+01     
-142.000           0.000            8.836e-01           8.836e-01              31.962          -6.228e+01             238.864           4.000e+01     
-141.000           0.000            1.702e+00           1.702e+00              36.312          -5.150e+01              44.026           4.000e+01     
-140.000           0.000            1.661e+00           1.661e+00              38.342          -4.807e+01              33.727           4.000e+01     
-139.000           0.000            7.545e-01           7.545e-01              41.588          -5.240e+01              20.711           4.000e+01     
-138.000           0.000           -7.377e-01          -7.377e-01              49.679          -6.742e+01             173.550           4.000e+01     
-137.000           0.000           -2.140e+00          -2.140e+00              65.313          -5.194e+01             150.729           4.000e+01     
-136.000           0.000           -2.514e+00          -2.514e+00              86.653          -4.838e+01             115.648           4.000e+01     
-135.000           0.000           -1.599e+00          -1.599e+00             106.390          -4.687e+01              90.092           4.000e+01     
-134.000           0.000           -1.700e-01          -1.701e-01             119.325          -4.812e+01              81.954           4.000e+01     
-133.000           0.000            9.579e-01           9.579e-01             125.872          -5.116e+01              91.625           4.000e+01     
-132.000           0.000            1.443e+00           1.443e+00             128.802          -5.258e+01              93.083           4.000e+01     
-131.000           0.000            1.290e+00           1.290e+00             130.990          -5.204e+01              72.856           4.000e+01     
-130.000           0.000            6.553e-01           6.553e-01             134.723          -5.237e+01              85.064           4.000e+01     
-129.000           0.000           -2.890e-01          -2.891e-01             141.393          -4.745e+01             137.971           4.000e+01     
-128.000           0.000           -1.398e+00          -1.398e+00             151.573          -4.222e+01             150.155           4.000e+01     
-127.000           0.000           -2.485e+00          -2.485e+00             165.491          -4.219e+01             150.328           4.000e+01     
-126.000           0.000           -3.150e+00          -3.150e+00             183.115          -4.769e+01             160.811           4.000e+01     
-125.000           0.000           -2.769e+00          -2.769e+00             201.944          -4.943e+01             216.598           4.000e+01     
-124.000           0.000           -1.363e+00          -1.363e+00             215.944          -4.469e+01             212.693           4.000e+01     
-123.000           0.000            1.149e-01           1.147e-01             222.918          -4.319e+01             197.092           4.000e+01     
-122.000           0.000            9.742e-01           9.741e-01             225.872          -4.629e+01             203.067           4.000e+01     
-121.000           0.000            1.195e+00           1.195e+00             228.099          -4.804e+01             258.528           4.000e+01     
-120.000           0.000            1.136e+00           1.136e+00             230.838          -4.557e+01             272.254           4.000e+01     
-119.000           0.000            9.981e-01           9.981e-01             233.606          -4.658e+01             258.932           4.000e+01     
-118.000           0.000            6.188e-01           6.187e-01             236.807          -4.678e+01             262.106           4.000e+01     
-117.000           0.000           -4.736e-02          -4.755e-02             242.072          -4.375e+01             279.298           4.000e+01     
-116.000           0.000           -7.235e-01          -7.237e-01             248.959          -4.331e+01             282.389           4.000e+01     
-115.000           0.000           -1.441e+00          -1.441e+00             255.511          -4.963e+01             290.635           4.000e+01     
-114.000           0.000           -2.481e+00          -2.481e+00             264.594          -4.998e+01               1.332           4.000e+01     
-113.000           0.000           -3.129e+00          -3.129e+00             281.107          -4.350e+01             350.458           4.000e+01     
-112.000           0.000           -2.409e+00          -2.409e+00             297.710          -4.228e+01             337.989           4.000e+01     
-111.000           0.000           -1.451e+00          -1.451e+00             307.178          -4.717e+01             356.900           4.000e+01     
-110.000           0.000           -9.085e-01          -9.086e-01             314.583          -4.673e+01              59.050           4.000e+01     
-109.000           0.000           -2.815e-01          -2.816e-01             322.874          -4.628e+01              61.199           4.000e+01     
-108.000           0.000            5.087e-01           5.086e-01             329.775          -5.120e+01              61.721           4.000e+01     
-107.000           0.000            1.079e+00           1.079e+00             335.060          -5.008e+01             112.666           4.000e+01     
-106.000           0.000            1.507e+00           1.507e+00             339.993          -4.768e+01             120.280           4.000e+01     
-105.000           0.000            1.941e+00           1.941e+00             343.732          -5.643e+01             136.949           4.000e+01     
-104.000           0.000            2.102e+00           2.102e+00             346.207          -5.563e+01             207.705           4.000e+01     
-103.000           0.000            1.870e+00           1.870e+00             349.710          -4.822e+01             141.699           4.000e+01     
-102.000           0.000            1.649e+00           1.649e+00             354.961          -4.442e+01             114.330           4.000e+01     
-101.000           0.000            1.677e+00           1.677e+00             359.404          -5.189e+01              99.124           4.000e+01     
-100.000           0.000            1.634e+00           1.634e+00               2.123          -5.217e+01             246.344           4.000e+01     
 -99.000           0.000            1.319e+00           1.319e+00               4.705          -4.641e+01             215.538           4.000e+01     
 -98.000           0.000            8.477e-01           8.477e-01               7.428          -4.593e+01             205.871           4.000e+01     
 -97.000           0.000            3.148e-01           3.146e-01               9.779          -4.562e+01             242.437           4.000e+01     
 -96.000           0.000           -1.741e-01          -1.743e-01              12.742          -4.476e+01             259.714           4.000e+01     
 -95.000           0.000           -3.997e-01          -3.997e-01              16.111          -5.364e+01             256.096           4.000e+01     
 -94.000           0.000           -4.394e-01          -4.394e-01              17.023          -5.422e+01              19.968           4.000e+01     
 -93.000           0.000           -5.899e-01          -5.900e-01              15.035          -4.709e+01             346.695           4.000e+01     
 -92.000           0.000           -8.486e-01          -8.487e-01              13.384          -5.004e+01             340.140           4.000e+01     
 -91.000           0.000           -9.997e-01          -9.997e-01              14.267          -4.973e+01              99.499           4.000e+01     
 -90.000           0.000           -8.970e-01          -8.971e-01              16.328          -4.538e+01             104.201           4.000e+01     
 -89.000           0.000           -4.946e-01          -4.947e-01              18.024          -5.294e+01              88.712           4.000e+01     
 -88.000           0.000            1.476e-01           1.476e-01              19.439          -6.542e+01             133.195           4.000e+01     
 -87.000           0.000            7.135e-01           7.134e-01              20.677          -5.304e+01             136.141           4.000e+01     
 -86.000           0.000            9.321e-01           9.321e-01              22.073          -6.128e+01             107.743           4.000e+01     
 -85.000           0.000            9.661e-01           9.660e-01              24.894          -5.235e+01             321.367           4.000e+01     
 -84.000           0.000            1.158e+00           1.158e+00              29.606          -5.576e+01             341.441           4.000e+01     
 -83.000           0.000            1.488e+00           1.488e+00              34.458          -5.345e+01              61.871           4.000e+01     
 -82.000           0.000            1.707e+00           1.707e+00              37.744          -5.122e+01               8.069           4.000e+01     
 -81.000           0.000            1.762e+00           1.762e+00              39.529          -4.903e+01             318.628           4.000e+01     
 -80.000           0.000            1.642e+00           1.642e+00              41.027          -5.337e+01             208.051           4.000e+01     
 -79.000           0.000            1.257e+00           1.257e+00              43.193          -4.535e+01             162.400           4.000e+01     
 -78.000           0.000            7.607e-01           7.606e-01              45.859          -5.031e+01             163.909           4.000e+01     
 -77.000           0.000            5.383e-01           5.383e-01              47.941          -5.780e+01             230.418           4.000e+01     
 -76.000           0.000            5.679e-01           5.678e-01              48.564          -5.026e+01             187.674           4.000e+01     
 -75.000           0.000            4.333e-01           4.332e-01              47.468          -4.812e+01             175.907           4.000e+01     
 -74.000           0.000            5.246e-02           5.245e-02              44.684          -5.737e+01             283.842           4.000e+01     
 -73.000           0.000           -3.070e-01          -3.071e-01              41.423          -4.745e+01             314.824           4.000e+01     
 -72.000           0.000           -6.601e-01          -6.601e-01              39.351          -5.099e+01             258.186           4.000e+01     
 -71.000           0.000           -1.161e+00          -1.162e+00              38.074          -4.784e+01             196.634           4.000e+01     
 -70.000           0.000           -1.486e+00          -1.486e+00              36.049          -5.482e+01             134.787           4.000e+01     
 -69.000           0.000           -1.281e+00          -1.281e+00              33.042          -4.740e+01              55.094           4.000e+01     
 -68.000           0.000           -9.731e-01          -9.732e-01              29.022          -4.930e+01              55.152           4.000e+01     
 -67.000           0.000           -1.049e+00          -1.049e+00              22.687          -6.593e+01             291.311           4.000e+01     
 -66.000           0.000           -1.262e+00          -1.262e+00              14.468          -5.337e+01             286.703           4.000e+01     
 -65.000           0.000           -1.267e+00          -1.267e+00               7.819          -5.966e+01             318.381           4.000e+01     
 -64.000           0.000           -1.194e+00          -1.194e+00               3.441          -5.679e+01             187.375           4.000e+01     
 -63.000           0.000           -1.027e+00          -1.027e+00             358.660          -4.894e+01             208.130           4.000e+01     
 -62.000           0.000           -4.944e-01          -4.945e-01             353.886          -5.141e+01             211.758           4.000e+01     
 -61.000           0.000            2.478e-01           2.478e-01             351.744          -5.598e+01             126.419           4.000e+01     
 -60.000           0.000            7.892e-01           7.892e-01             351.153          -5.532e+01             110.746           4.000e+01     
 -59.000           0.000            1.039e+00           1.039e+00             349.199          -5.380e+01             270.682           4.000e+01     
 -58.000           0.000            1.110e+00           1.109e+00             345.704          -4.657e+01             282.264           4.000e+01     
 -57.000           0.000            8.800e-01           8.800e-01             342.578          -5.184e+01             280.327           4.000e+01     
 -56.000           0.000            1.247e-01           1.247e-01             339.475          -5.722e+01             139.272           4.000e+01     
 -55.000           0.000           -9.099e-01          -9.099e-01             333.369          -5.457e+01             111.871           4.000e+01     
 -54.000           0.000           -1.438e+00          -1.438e+00             323.540          -5.461e+01              41.252           4.000e+01     
 -53.000           0.000           -1.216e+00          -1.216e+00             314.109          -5.107e+01              48.707           4.000e+01     
 -52.000           0.000           -7.856e-01          -7.856e-01             306.401          -4.916e+01              95.556           4.000e+01     
 -51.000           0.000           -2.651e-01          -2.651e-01             298.813          -4.928e+01             122.512           4.000e+01     
 -50.000           0.000            4.884e-01           4.884e-01             292.609          -6.154e+01             121.748           4.000e+01     
 -49.000           0.000            1.135e+00           1.135e+00             289.643          -5.528e+01             325.311           4.000e+01     
 -48.000           0.000            1.192e+00           1.192e+00             288.345          -5.506e+01             281.184           4.000e+01     
 -47.000           0.000            5.441e-01           5.440e-01             285.207          -4.820e+01             220.330           4.000e+01     
 -46.000           0.000           -4.666e-01          -4.668e-01             277.482          -4.473e+01             212.329           4.000e+01     
 -45.000           0.000           -1.282e+00          -1.282e+00             265.405          -4.718e+01             210.486           4.000e+01     
 -44.000           0.000           -1.608e+00          -1.608e+00             251.341          -5.814e+01             188.053           4.000e+01     
 -43.000           0.000           -1.302e+00          -1.302e+00             237.172          -6.025e+01              52.634           4.000e+01     
 -42.000           0.000           -3.235e-01          -3.235e-01             226.106          -5.560e+01             331.156           4.000e+01     
 -41.000           0.000            8.077e-01           8.076e-01             220.830          -4.757e+01             302.849           4.000e+01     
 -40.000           0.000            1.444e+00           1.444e+00             220.089          -4.476e+01             304.695           4.000e+01     
 -39.000           0.000            1.270e+00           1.269e+00             220.693          -4.555e+01             319.136           4.000e+01     
 -38.000           0.000            2.446e-01           2.445e-01             219.240          -4.761e+01             349.648           4.000e+01     
 -37.000           0.000           -1.418e+00          -1.418e+00             212.137          -4.755e+01              24.331           4.000e+01     
 -36.000           0.000           -3.022e+00          -3.022e+00             196.289          -4.674e+01              45.790           4.000e+01     
 -35.000           0.000           -3.376e+00          -3.376e+00             174.113          -4.695e+01              66.084           4.000e+01     
 -34.000           0.000           -2.247e+00          -2.248e+00             155.392          -4.740e+01              98.495           4.000e+01     
 -33.000           0.000           -7.137e-01          -7.139e-01             144.926          -4.611e+01             136.600           4.000e+01     
 -32.000           0.000            3.990e-01           3.989e-01             140.906          -4.418e+01             164.279           4.000e+01     
 -31.000           0.000            7.350e-01           7.349e-01             140.392          -4.316e+01             183.145           4.000e+01     
 -30.000           0.000            1.234e-01           1.232e-01             140.507          -4.301e+01             196.759           4.000e+01     
 -29.000           0.000           -1.521e+00          -1.522e+00             137.585          -4.328e+01             206.265           4.000e+01     
 -28.000           0.000           -3.921e+00          -3.921e+00             125.470          -4.361e+01             213.804           3.969e+01     
 -27.000           0.000           -5.285e+00          -5.286e+00              99.726          -4.410e+01             224.044           4.000e+01     
 -26.000           0.000           -4.096e+00          -4.097e+00              76.460          -4.516e+01             243.190           4.000e+01     
 -25.000           0.000           -2.541e+00          -2.541e+00              65.902          -4.613e+01             278.629           4.000e+01     
 -24.000           0.000           -1.876e+00          -1.876e+00              61.403          -4.453e+01             322.344           4.000e+01     
 -23.000           0.000           -2.160e+00          -2.161e+00              57.320          -4.149e+01             352.480           4.000e+01     
 -22.000           0.000           -3.127e+00          -3.128e+00              49.944          -3.921e+01              11.109           4.000e+01     
 -21.000           0.000           -4.197e+00          -4.199e+00              37.121          -3.799e+01              24.030           4.000e+01     
 -20.000           0.000           -4.630e+00          -4.632e+00              20.923          -3.766e+01              33.740           4.000e+01     
 -19.000           0.000           -4.388e+00          -4.390e+00               7.081          -3.795e+01              41.393           3.854e+01     
 -18.000           0.000           -4.145e+00          -4.146e+00             357.906          -3.857e+01              48.025           3.672e+01     
 -17.000           0.000           -4.411e+00          -4.413e+00             351.743          -3.921e+01              55.104           3.577e+01     
 -16.000           0.000           -5.391e+00          -5.392e+00             346.075          -3.962e+01              64.299           3.441e+01     
 -15.000           0.000           -7.138e+00          -7.140e+00             338.148          -3.965e+01              76.465           3.261e+01     
 -14.000           0.000           -9.510e+00          -9.514e+00             324.129          -3.932e+01              91.012           3.175e+01     
 -13.000           0.000           -1.165e+01          -1.166e+01             299.722          -3.876e+01             106.625           4.000e+01     
 -12.000           0.000           -1.194e+01          -1.195e+01             269.914          -3.818e+01             122.398           3.164e+01     
 -11.000           0.000           -1.080e+01          -1.081e+01             248.046          -3.771e+01             138.133           2.744e+01     
 -10.000           0.000           -9.730e+00          -9.737e+00             235.025          -3.740e+01             153.975           2.777e+01     
  -9.000           0.000           -9.256e+00          -9.263e+00             226.650          -3.723e+01             170.041           2.954e+01     
  -8.000           0.000           -9.411e+00          -9.419e+00             220.297          -3.715e+01             186.226           3.277e+01     
  -7.000           0.000           -1.015e+01          -1.016e+01             214.651          -3.711e+01             202.228           4.000e+01     
  -6.000           0.000           -1.146e+01          -1.147e+01             209.033          -3.711e+01             217.728           4.000e+01     
  -5.000           0.000           -1.334e+01          -1.336e+01             203.103          -3.717e+01             232.574           3.001e+01     
  -4.000           0.000           -1.587e+01          -1.590e+01             196.811          -3.733e+01             246.853           2.377e+01     
  -3.000           0.000           -1.923e+01          -1.929e+01             190.670          -3.758e+01             260.821           1.884e+01     
  -2.000           0.000           -2.386e+01          -2.404e+01             187.233          -3.790e+01             274.754           1.387e+01     
  -1.000           0.000           -3.041e+01          -3.120e+01             201.760          -3.822e+01             288.767           7.043e+00     
   0.000           0.000           -3.101e+01          -3.187e+01             269.622          -3.847e+01             302.940           1.311e+01     
   1.000           0.000           -2.568e+01          -2.590e+01             281.666          -3.859e+01             315.857           1.801e+01     
   2.000           0.000           -2.201e+01          -2.210e+01             273.501          -3.860e+01             327.662           1.839e+01     
   3.000           0.000           -1.935e+01          -1.941e+01             260.929          -3.858e+01             337.499           1.942e+01     
   4.000           0.000           -1.724e+01          -1.727e+01             247.082          -3.860e+01             345.086           2.141e+01     
   5.000           0.000           -1.546e+01          -1.548e+01             232.910          -3.875e+01             350.377           2.432e+01     
   6.000           0.000           -1.390e+01          -1.391e+01             218.828          -3.907e+01             353.432           2.812e+01     
   7.000           0.000           -1.252e+01          -1.252e+01             205.118          -3.959e+01             354.317           3.289e+01     
   8.000           0.000           -1.129e+01          -1.130e+01             191.975          -4.027e+01             353.104           3.879e+01     
   9.000           0.000           -1.026e+01          -1.027e+01             179.425          -4.107e+01             349.967           4.000e+01     
  10.000           0.000           -9.458e+00          -9.460e+00             167.255          -4.187e+01             345.413           4.000e+01     
  11.000           0.000           -8.901e+00          -8.903e+00             155.022          -4.257e+01             340.547           4.000e+01     
  12.000           0.000           -8.575e+00          -8.577e+00             142.146          -4.315e+01             337.075           4.000e+01     
  13.000           0.000           -8.408e+00          -8.409e+00             128.117          -4.364e+01             336.884           4.000e+01     
  14.000           0.000           -8.284e+00          -8.285e+00             112.821          -4.411e+01             341.544           3.830e+01     
  15.000           0.000           -8.113e+00          -8.114e+00              96.742          -4.448e+01             351.889           3.666e+01     
  16.000           0.000           -7.908e+00          -7.909e+00              80.583          -4.456e+01               7.195           3.702e+01     
  17.000           0.000           -7.775e+00          -7.776e+00              64.458          -4.422e+01              24.602           4.000e+01     
  18.000           0.000           -7.770e+00          -7.772e+00              47.536          -4.375e+01              40.965           4.000e+01     
  19.000           0.000           -7.755e+00          -7.757e+00              28.730          -4.367e+01              55.166           4.000e+01     
  20.000           0.000           -7.408e+00          -7.409e+00               8.445          -4.447e+01              67.954           3.835e+01     
  21.000           0.000           -6.593e+00          -6.593e+00             349.378          -4.671e+01              81.486           4.000e+01     
  22.000           0.000           -5.621e+00          -5.621e+00             333.761          -5.138e+01             102.848           4.000e+01     
  23.000           0.000           -4.896e+00          -4.896e+00             321.161          -5.712e+01             169.167           4.000e+01     
  24.000           0.000           -4.590e+00          -4.590e+00             309.591          -5.226e+01             228.536           4.000e+01     
  25.000           0.000           -4.597e+00          -4.597e+00             297.038          -4.928e+01             242.616           4.000e+01     
  26.000           0.000           -4.599e+00          -4.599e+00             282.785          -4.888e+01             243.122           4.000e+01     
  27.000           0.000           -4.330e+00          -4.330e+00             268.308          -4.969e+01             231.562           4.000e+01     
  28.000           0.000           -3.887e+00          -3.887e+00             255.652          -4.964e+01             209.851           4.000e+01     
  29.000           0.000           -3.570e+00          -3.570e+00             244.864          -4.801e+01             192.384           4.000e+01     
  30.000           0.000           -3.520e+00          -3.521e+00             234.226          -4.642e+01             183.750           4.000e+01     
  31.000           0.000           -3.617e+00          -3.617e+00             222.031          -4.573e+01             178.799           4.000e+01     
  32.000           0.000           -3.614e+00          -3.614e+00             208.124          -4.619e+01             174.252           4.000e+01     
  33.000           0.000           -3.439e+00          -3.439e+00             193.806          -4.810e+01             169.963           4.000e+01     
  34.000           0.000           -3.256e+00          -3.256e+00             179.824          -5.207e+01             169.752           4.000e+01     
  35.000           0.000           -3.190e+00          -3.190e+00             165.665          -5.759e+01             191.358           4.000e+01     
  36.000           0.000           -3.204e+00          -3.204e+00             150.970          -5.545e+01             219.879           4.000e+01     
  37.000           0.000           -3.262e+00          -3.262e+00             136.268          -4.938e+01             207.226           4.000e+01     
  38.000           0.000           -3.423e+00          -3.424e+00             121.875          -4.412e+01             193.502           4.000e+01     
  39.000           0.000           -3.647e+00          -3.648e+00             107.335          -4.100e+01             185.686           3.754e+01     
  40.000           0.000           -3.714e+00          -3.715e+00              92.864          -4.029e+01             180.090           3.658e+01     
  41.000           0.000           -3.539e+00          -3.540e+00              79.865          -4.205e+01             172.069           3.851e+01     
  42.000           0.000           -3.324e+00          -3.325e+00              68.484          -4.577e+01             153.304           4.000e+01     
  43.000           0.000           -3.220e+00          -3.220e+00              56.674          -4.782e+01             126.477           4.000e+01     
  44.000           0.000           -3.102e+00          -3.102e+00              42.738          -4.674e+01             128.756           4.000e+01     
  45.000           0.000           -2.820e+00          -2.820e+00              27.685          -4.404e+01             146.778           4.000e+01     
  46.000           0.000           -2.540e+00          -2.541e+00              13.628          -4.216e+01             153.588           4.000e+01     
  47.000           0.000           -2.503e+00          -2.503e+00               1.023          -4.281e+01             146.399           4.000e+01     
  48.000           0.000           -2.672e+00          -2.673e+00             349.278          -4.538e+01             121.228           4.000e+01     
  49.000           0.000           -2.830e+00          -2.830e+00             338.003          -4.636e+01              86.424           4.000e+01     
  50.000           0.000           -2.818e+00          -2.818e+00             326.780          -4.568e+01              75.203           4.000e+01     
  51.000           0.000           -2.638e+00          -2.638e+00             315.180          -4.417e+01              83.881           4.000e+01     
  52.000           0.000           -2.433e+00          -2.433e+00             303.590          -4.222e+01              89.208           4.000e+01     
  53.000           0.000           -2.403e+00          -2.403e+00             292.768          -4.220e+01              84.895           4.000e+01     
  54.000           0.000           -2.581e+00          -2.582e+00             282.755          -4.565e+01              69.166           4.000e+01     
  55.000           0.000           -2.742e+00          -2.742e+00             272.879          -5.071e+01              20.881           4.000e+01     
  56.000           0.000           -2.668e+00          -2.668e+00             262.421          -4.988e+01             356.317           4.000e+01     
  57.000           0.000           -2.436e+00          -2.436e+00             251.235          -4.780e+01              31.251           4.000e+01     
  58.000           0.000           -2.318e+00          -2.318e+00             240.135          -4.488e+01              55.884           4.000e+01     
  59.000           0.000           -2.524e+00          -2.524e+00             230.206          -4.717e+01              64.894           4.000e+01     
  60.000           0.000           -2.961e+00          -2.961e+00             221.308          -6.782e+01              96.524           4.000e+01     
  61.000           0.000           -3.202e+00          -3.202e+00             212.168          -5.243e+01             248.006           4.000e+01     
  62.000           0.000           -3.053e+00          -3.053e+00             202.698          -5.282e+01             287.194           4.000e+01     
  63.000           0.000           -2.964e+00          -2.964e+00             193.899          -4.753e+01             340.117           4.000e+01     
  64.000           0.000           -3.281e+00          -3.282e+00             185.837          -4.424e+01             345.944           4.000e+01     
  65.000           0.000           -3.663e+00          -3.663e+00             178.631          -4.710e+01             344.653           4.000e+01     
  66.000           0.000           -3.703e+00          -3.703e+00             172.397          -7.070e+01               6.491           4.000e+01     
  67.000           0.000           -3.610e+00          -3.610e+00             165.156          -5.398e+01             192.728           4.000e+01     
  68.000           0.000           -3.599e+00          -3.599e+00             155.898          -4.809e+01             254.045           4.000e+01     
  69.000           0.000           -3.575e+00          -3.575e+00             148.211          -4.425e+01             272.049           4.000e+01     
  70.000           0.000           -3.628e+00          -3.628e+00             144.152          -4.882e+01             267.143           4.000e+01     
  71.000           0.000           -3.818e+00          -3.818e+00             138.807          -5.613e+01             145.613           4.000e+01     
  72.000           0.000           -3.884e+00          -3.884e+00             128.976          -5.137e+01             142.968           4.000e+01     
  73.000           0.000           -3.800e+00          -3.800e+00             120.395          -4.890e+01             202.277           4.000e+01     
  74.000           0.000           -4.000e+00          -4.000e+00             116.656          -4.631e+01             218.334           4.000e+01     
  75.000           0.000           -4.293e+00          -4.293e+00             113.160          -5.279e+01             220.195           4.000e+01     
  76.000           0.000           -4.301e+00          -4.301e+00             106.882          -6.274e+01              20.471           4.000e+01     
  77.000           0.000           -4.367e+00          -4.367e+00             101.550          -6.035e+01             119.751           4.000e+01     
  78.000           0.000           -4.701e+00          -4.701e+00              98.807          -4.724e+01             153.434           4.000e+01     
  79.000           0.000           -4.621e+00          -4.622e+00              96.107          -4.475e+01             144.408           4.000e+01     
  80.000           0.000           -4.088e+00          -4.089e+00              92.831          -4.823e+01             137.455           4.000e+01     
  81.000           0.000           -3.953e+00          -3.953e+00              90.228          -5.558e+01             174.334           4.000e+01     
  82.000           0.000           -4.142e+00          -4.142e+00              87.344          -6.230e+01             235.564           4.000e+01     
  83.000           0.000           -3.801e+00          -3.801e+00              82.907          -5.126e+01              16.421           4.000e+01     
  84.000           0.000           -3.138e+00          -3.138e+00              77.966          -4.716e+01              20.318           4.000e+01     
  85.000           0.000           -2.892e+00          -2.892e+00              73.391          -5.731e+01              24.514           4.000e+01     
  86.000           0.000           -2.836e+00          -2.836e+00              69.423          -5.812e+01             201.176           4.000e+01     
  87.000           0.000           -2.580e+00          -2.580e+00              65.905          -5.553e+01             328.387           4.000e+01     
  88.000           0.000           -2.519e+00          -2.520e+00              61.208          -4.615e+01             346.707           4.000e+01     
  89.000           0.000           -2.805e+00          -2.805e+00              54.908          -4.763e+01             352.458           4.000e+01     
  90.000           0.000           -2.883e+00          -2.883e+00              50.106          -5.292e+01              16.956           4.000e+01     
  91.000           0.000           -2.735e+00          -2.735e+00              48.176          -5.404e+01             359.392           4.000e+01     
  92.000           0.000           -2.994e+00          -2.994e+00              46.033          -5.000e+01             289.236           4.000e+01     
  93.000           0.000           -3.696e+00          -3.696e+00              42.989          -4.623e+01             251.846           4.000e+01     
  94.000           0.000           -4.176e+00          -4.176e+00              41.808          -4.893e+01             236.600           4.000e+01     
  95.000           0.000           -4.297e+00          -4.297e+00              42.094          -6.358e+01             215.621           4.000e+01     
  96.000           0.000           -4.542e+00          -4.542e+00              41.708          -5.219e+01             148.727           4.000e+01     
  97.000           0.000           -4.825e+00          -4.826e+00              43.056          -4.350e+01             158.277           3.954e+01     
  98.000           0.000           -4.690e+00          -4.690e+00              47.711          -4.226e+01             160.333           3.826e+01     
  99.000           0.000           -4.434e+00          -4.434e+00              51.567          -4.692e+01             169.494           4.000e+01     
 100.000           0.000           -4.474e+00          -4.474e+00              52.807          -5.658e+01             193.634           4.000e+01     
 101.000           0.000           -4.321e+00          -4.321e+00              53.469          -5.453e+01              48.951           4.000e+01     
 102.000           0.000           -3.661e+00          -3.661e+00              54.093          -4.456e+01              38.866           4.000e+01     
 103.000           0.000           -3.069e+00          -3.070e+00              53.904          -4.312e+01              30.445           4.000e+01     
 104.000           0.000           -2.845e+00          -2.845e+00              53.903          -4.732e+01              26.016           4.000e+01     
 105.000           0.000           -2.697e+00          -2.697e+00              54.833          -5.434e+01             359.838           4.000e+01     
 106.000           0.000           -2.587e+00          -2.587e+00              55.445          -4.753e+01             310.114           4.000e+01     
 107.000           0.000           -2.794e+00          -2.795e+00              55.468          -4.257e+01             295.922           4.000e+01     
 108.000           0.000           -3.174e+00          -3.175e+00              56.632          -4.301e+01             283.306           4.000e+01     
 109.000           0.000           -3.325e+00          -3.326e+00              59.535          -4.802e+01             272.495           4.000e+01     
 110.000           0.000           -3.370e+00          -3.371e+00              63.314          -5.425e+01             250.139           4.000e+01     
 111.000           0.000           -3.566e+00          -3.566e+00              68.966          -4.854e+01             201.253           4.000e+01     
 112.000           0.000           -3.578e+00          -3.578e+00              77.164          -4.258e+01             183.493           3.936e+01     
 113.000           0.000           -3.223e+00          -3.223e+00              84.913          -4.174e+01             176.312           3.852e+01     
 114.000           0.000           -2.975e+00          -2.975e+00              90.622          -4.551e+01             180.859           4.000e+01     
 115.000           0.000           -2.929e+00          -2.929e+00              95.488          -5.219e+01             191.404           4.000e+01     
 116.000           0.000           -2.679e+00          -2.679e+00              99.068          -5.432e+01             104.156           4.000e+01     
 117.000           0.000           -2.227e+00          -2.227e+00             100.610          -4.500e+01              67.218           4.000e+01     
 118.000           0.000           -1.982e+00          -1.982e+00             102.164          -4.228e+01              53.883           4.000e+01     
 119.000           0.000           -2.046e+00          -2.046e+00             105.622          -4.353e+01              52.524           4.000e+01     
 120.000           0.000           -2.196e+00          -2.196e+00             110.017          -4.697e+01              63.485           4.000e+01     
 121.000           0.000           -2.396e+00          -2.396e+00             114.195          -5.252e+01              33.240           4.000e+01     
 122.000           0.000           -2.749e+00          -2.749e+00             120.062          -4.526e+01             318.202           4.000e+01     
 123.000           0.000           -3.103e+00          -3.104e+00             129.487          -4.071e+01             304.178           4.000e+01     
 124.000           0.000           -3.249e+00          -3.250e+00             140.245          -4.138e+01             299.743           4.000e+01     
 125.000           0.000           -3.312e+00          -3.312e+00             149.511          -4.524e+01             300.977           4.000e+01     
 126.000           0.000           -3.258e+00          -3.258e+00             157.760          -4.911e+01             291.910           4.000e+01     
 127.000           0.000           -2.810e+00          -2.810e+00             165.645          -4.898e+01             243.901           4.000e+01     
 128.000           0.000           -2.120e+00          -2.120e+00             172.470          -4.474e+01             198.674           4.000e+01     
 129.000           0.000           -1.666e+00          -1.667e+00             178.614          -4.168e+01             172.633           4.000e+01     
 130.000           0.000           -1.613e+00          -1.613e+00             185.204          -4.085e+01             160.806           4.000e+01     
 131.000           0.000           -1.777e+00          -1.778e+00             192.189          -4.159e+01             160.154           4.000e+01     
 132.000           0.000           -2.019e+00          -2.020e+00             198.839          -4.288e+01             159.097           4.000e+01     
 133.000           0.000           -2.355e+00          -2.355e+00             205.957          -4.487e+01             135.671           4.000e+01     
 134.000           0.000           -2.718e+00          -2.718e+00             215.530          -4.396e+01              85.307           4.000e+01     
 135.000           0.000           -2.911e+00          -2.911e+00             227.797          -4.072e+01              57.082           4.000e+01     
 136.000           0.000           -2.936e+00          -2.937e+00             240.663          -3.984e+01              49.750           4.000e+01     
 137.000           0.000           -2.999e+00          -2.999e+00             252.750          -4.131e+01              54.599           4.000e+01     
 138.000           0.000           -3.105e+00          -3.106e+00             263.966          -4.452e+01              64.681           4.000e+01     
 139.000           0.000           -3.096e+00          -3.096e+00             273.691          -5.156e+01              59.715           4.000e+01     
 140.000           0.000           -2.978e+00          -2.978e+00             281.372          -5.312e+01             304.100           4.000e+01     
 141.000           0.000           -2.911e+00          -2.912e+00             288.188          -4.551e+01             280.287           4.000e+01     
 142.000           0.000           -2.961e+00          -2.962e+00             296.230          -4.380e+01             269.339           4.000e+01     
 143.000           0.000           -3.047e+00          -3.047e+00             306.455          -4.449e+01             258.536           4.000e+01     
 144.000           0.000           -3.122e+00          -3.123e+00             318.114          -4.574e+01             250.865           4.000e+01     
 145.000           0.000           -3.282e+00          -3.283e+00             330.365          -4.633e+01             249.820           4.000e+01     
 146.000           0.000           -3.567e+00          -3.567e+00             343.397          -4.656e+01             251.098           4.000e+01     
 147.000           0.000           -3.810e+00          -3.810e+00             357.233          -4.818e+01             251.428           4.000e+01     
 148.000           0.000           -3.858e+00          -3.858e+00              10.440          -5.386e+01             260.612           4.000e+01     
 149.000           0.000           -3.829e+00          -3.829e+00              21.527          -5.661e+01               0.626           4.000e+01     
 150.000           0.000           -3.948e+00          -3.948e+00              30.812          -4.800e+01              22.464           4.000e+01     
 151.000           0.000           -4.277e+00          -4.278e+00              39.884          -4.485e+01              23.367           4.000e+01     
 152.000           0.000           -4.687e+00          -4.688e+00              50.067          -4.439e+01              26.247           4.000e+01     
 153.000           0.000           -5.007e+00          -5.008e+00              61.491          -4.569e+01              38.156           4.000e+01     
 154.000           0.000           -5.212e+00          -5.212e+00              73.520          -4.722e+01              65.349           4.000e+01     
 155.000           0.000           -5.401e+00          -5.402e+00              86.064          -4.676e+01              99.602           4.000e+01     
 156.000           0.000           -5.600e+00          -5.600e+00              99.791          -4.501e+01             126.445           4.000e+01     
 157.000           0.000           -5.663e+00          -5.663e+00             114.886          -4.300e+01             146.402           4.000e+01     
 158.000           0.000           -5.461e+00          -5.462e+00             130.007          -4.087e+01             159.532           4.000e+01     
 159.000           0.000           -5.120e+00          -5.121e+00             143.357          -3.897e+01             165.139           4.000e+01     
 160.000           0.000           -4.925e+00          -4.927e+00             154.480          -3.761e+01             164.463           4.000e+01     
 161.000           0.000           -5.098e+00          -5.101e+00             164.297          -3.687e+01             159.172           4.000e+01     
 162.000           0.000           -5.717e+00          -5.720e+00             174.273          -3.669e+01             150.422           3.884e+01     
 163.000           0.000           -6.729e+00          -6.733e+00             185.922          -3.692e+01             138.910           3.291e+01     
 164.000           0.000           -7.947e+00          -7.952e+00             200.471          -3.741e+01             125.224           2.974e+01     
 165.000           0.000           -9.068e+00          -9.073e+00             218.201          -3.794e+01             110.185           2.931e+01     
 166.000           0.000           -9.813e+00          -9.819e+00             237.778          -3.842e+01              94.865           3.301e+01     
 167.000           0.000           -1.015e+01          -1.016e+01             257.007          -3.883e+01              80.155           4.000e+01     
 168.000           0.000           -1.027e+01          -1.027e+01             274.563          -3.919e+01              66.293           3.541e+01     
 169.000           0.000           -1.034e+01          -1.034e+01             290.281          -3.953e+01              52.855           3.067e+01     
 170.000           0.000           -1.048e+01          -1.048e+01             304.365          -3.980e+01              39.154           2.935e+01     
 171.000           0.000           -1.075e+01          -1.076e+01             316.933          -3.991e+01              24.762           2.982e+01     
 172.000           0.000           -1.125e+01          -1.125e+01             328.046          -3.974e+01               9.933           3.200e+01     
 173.000           0.000           -1.207e+01          -1.208e+01             337.836          -3.927e+01             355.525           3.755e+01     
 174.000           0.000           -1.336e+01          -1.337e+01             346.565          -3.860e+01             342.369           4.000e+01     
 175.000           0.000           -1.530e+01          -1.532e+01             354.628          -3.788e+01             330.772           3.046e+01     
 176.000           0.000           -1.821e+01          -1.826e+01               2.634          -3.723e+01             320.538           2.250e+01     
 177.000           0.000           -2.282e+01          -2.300e+01              12.035          -3.674e+01             311.252           1.501e+01     
 178.000           0.000           -3.129e+01          -3.288e+01              33.320          -3.642e+01             302.471           3.547e+00     
 179.000           0.000           -3.123e+01          -3.286e+01             177.214          -3.627e+01             293.823           5.484e+00     
